+8.417943e-01
+4.806129e-04
+5.397982e-01
+8.417905e-01
+1.774730e-03
+5.398015e-01
+8.417705e-01
+5.657075e-03
+5.398059e-01
+8.417008e-01
+1.196559e-02
+5.398116e-01
+8.415307e-01
+2.054095e-02
+5.398186e-01
+8.411965e-01
+3.122593e-02
+5.398272e-01
+8.406259e-01
+4.386482e-02
+5.398370e-01
+8.397408e-01
+5.830284e-02
+5.398482e-01
+8.384613e-01
+7.438565e-02
+5.398605e-01
+8.367077e-01
+9.195903e-02
+5.398738e-01
+8.344036e-01
+1.108688e-01
+5.398878e-01
+8.314775e-01
+1.309606e-01
+5.399022e-01
+8.278654e-01
+1.520806e-01
+5.399169e-01
+8.235118e-01
+1.740754e-01
+5.399316e-01
+8.183709e-01
+1.967926e-01
+5.399460e-01
+8.124082e-01
+2.200820e-01
+5.399600e-01
+8.056008e-01
+2.437958e-01
+5.399732e-01
+7.979376e-01
+2.677898e-01
+5.399854e-01
+7.894201e-01
+2.919242e-01
+5.399965e-01
+7.800619e-01
+3.160644e-01
+5.400063e-01
+7.698885e-01
+3.400822e-01
+5.400146e-01
+7.589369e-01
+3.638565e-01
+5.400215e-01
+7.472551e-01
+3.872739e-01
+5.400267e-01
+7.349006e-01
+4.102297e-01
+5.400302e-01
+7.219405e-01
+4.326283e-01
+5.400321e-01
+7.084494e-01
+4.543836e-01
+5.400323e-01
+6.945092e-01
+4.754194e-01
+5.400310e-01
+6.802070e-01
+4.956694e-01
+5.400280e-01
+6.656347e-01
+5.150775e-01
+5.400237e-01
+6.508876e-01
+5.335970e-01
+5.400180e-01
+6.360629e-01
+5.511914e-01
+5.400112e-01
+6.212589e-01
+5.678326e-01
+5.400033e-01
+6.065737e-01
+5.835018e-01
+5.399945e-01
+5.921046e-01
+5.981875e-01
+5.399850e-01
+5.779469e-01
+6.118860e-01
+5.399749e-01
+5.641928e-01
+6.245998e-01
+5.399644e-01
+5.509314e-01
+6.363368e-01
+5.399538e-01
+5.382475e-01
+6.471098e-01
+5.399431e-01
+5.262211e-01
+6.569355e-01
+5.399325e-01
+5.149272e-01
+6.658333e-01
+5.399222e-01
+5.044353e-01
+6.738247e-01
+5.399123e-01
+4.948090e-01
+6.809322e-01
+5.399031e-01
+4.861061e-01
+6.871789e-01
+5.398945e-01
+4.783779e-01
+6.925871e-01
+5.398867e-01
+4.716697e-01
+6.971783e-01
+5.398798e-01
+4.660201e-01
+7.009717e-01
+5.398740e-01
+4.614617e-01
+7.039846e-01
+5.398692e-01
+4.580202e-01
+7.062313e-01
+5.398655e-01
+4.557151e-01
+7.077228e-01
+5.398631e-01
+4.545593e-01
+7.084667e-01
+5.398619e-01
+4.545593e-01
+7.084667e-01
+5.398619e-01
+4.557151e-01
+7.077228e-01
+5.398631e-01
+4.580202e-01
+7.062313e-01
+5.398655e-01
+4.614617e-01
+7.039846e-01
+5.398692e-01
+4.660201e-01
+7.009717e-01
+5.398740e-01
+4.716697e-01
+6.971783e-01
+5.398798e-01
+4.783779e-01
+6.925871e-01
+5.398867e-01
+4.861061e-01
+6.871789e-01
+5.398945e-01
+4.948090e-01
+6.809322e-01
+5.399031e-01
+5.044353e-01
+6.738247e-01
+5.399123e-01
+5.149272e-01
+6.658333e-01
+5.399222e-01
+5.262211e-01
+6.569355e-01
+5.399325e-01
+5.382475e-01
+6.471098e-01
+5.399431e-01
+5.509314e-01
+6.363368e-01
+5.399538e-01
+5.641928e-01
+6.245998e-01
+5.399644e-01
+5.779469e-01
+6.118860e-01
+5.399749e-01
+5.921046e-01
+5.981875e-01
+5.399850e-01
+6.065737e-01
+5.835018e-01
+5.399945e-01
+6.212589e-01
+5.678326e-01
+5.400033e-01
+6.360629e-01
+5.511914e-01
+5.400112e-01
+6.508876e-01
+5.335970e-01
+5.400180e-01
+6.656347e-01
+5.150775e-01
+5.400237e-01
+6.802070e-01
+4.956694e-01
+5.400280e-01
+6.945092e-01
+4.754194e-01
+5.400310e-01
+7.084494e-01
+4.543836e-01
+5.400323e-01
+7.219405e-01
+4.326283e-01
+5.400321e-01
+7.349006e-01
+4.102297e-01
+5.400302e-01
+7.472551e-01
+3.872739e-01
+5.400267e-01
+7.589369e-01
+3.638565e-01
+5.400215e-01
+7.698885e-01
+3.400822e-01
+5.400146e-01
+7.800619e-01
+3.160644e-01
+5.400063e-01
+7.894201e-01
+2.919242e-01
+5.399965e-01
+7.979376e-01
+2.677898e-01
+5.399854e-01
+8.056008e-01
+2.437958e-01
+5.399732e-01
+8.124082e-01
+2.200820e-01
+5.399600e-01
+8.183709e-01
+1.967926e-01
+5.399460e-01
+8.235118e-01
+1.740754e-01
+5.399316e-01
+8.278654e-01
+1.520806e-01
+5.399169e-01
+8.314775e-01
+1.309606e-01
+5.399022e-01
+8.344036e-01
+1.108688e-01
+5.398878e-01
+8.367077e-01
+9.195903e-02
+5.398738e-01
+8.384613e-01
+7.438565e-02
+5.398605e-01
+8.397408e-01
+5.830284e-02
+5.398482e-01
+8.406259e-01
+4.386482e-02
+5.398370e-01
+8.411965e-01
+3.122593e-02
+5.398272e-01
+8.415307e-01
+2.054095e-02
+5.398186e-01
+8.417008e-01
+1.196559e-02
+5.398116e-01
+8.417705e-01
+5.657075e-03
+5.398059e-01
+8.417905e-01
+1.774730e-03
+5.398015e-01
+8.417943e-01
+4.806129e-04
+5.397982e-01
