+8.420805e-01
+1.802195e-03
+5.393489e-01
+8.420751e-01
+3.098717e-03
+5.393514e-01
+8.420505e-01
+6.988262e-03
+5.393535e-01
+8.419730e-01
+1.330859e-02
+5.393554e-01
+8.417921e-01
+2.190013e-02
+5.393574e-01
+8.414441e-01
+3.260543e-02
+5.393595e-01
+8.408565e-01
+4.526846e-02
+5.393618e-01
+8.399513e-01
+5.973413e-02
+5.393641e-01
+8.386483e-01
+7.584776e-02
+5.393664e-01
+8.368679e-01
+9.345476e-02
+5.393685e-01
+8.345333e-01
+1.124005e-01
+5.393702e-01
+8.315733e-01
+1.325304e-01
+5.393714e-01
+8.279236e-01
+1.536899e-01
+5.393718e-01
+8.235286e-01
+1.757253e-01
+5.393712e-01
+8.183427e-01
+1.984840e-01
+5.393694e-01
+8.123314e-01
+2.218150e-01
+5.393662e-01
+8.054716e-01
+2.455702e-01
+5.393614e-01
+7.977528e-01
+2.696050e-01
+5.393548e-01
+7.891763e-01
+2.937791e-01
+5.393464e-01
+7.797561e-01
+3.179577e-01
+5.393360e-01
+7.695179e-01
+3.420122e-01
+5.393235e-01
+7.584991e-01
+3.658211e-01
+5.393089e-01
+7.467477e-01
+3.892708e-01
+5.392922e-01
+7.343221e-01
+4.122564e-01
+5.392733e-01
+7.212893e-01
+4.346821e-01
+5.392525e-01
+7.077246e-01
+4.564617e-01
+5.392297e-01
+6.937101e-01
+4.775189e-01
+5.392051e-01
+6.793335e-01
+4.977873e-01
+5.391788e-01
+6.646872e-01
+5.172109e-01
+5.391511e-01
+6.498667e-01
+5.357431e-01
+5.391221e-01
+6.349697e-01
+5.533474e-01
+5.390920e-01
+6.200948e-01
+5.699960e-01
+5.390612e-01
+6.053408e-01
+5.856700e-01
+5.390298e-01
+5.908050e-01
+6.003585e-01
+5.389982e-01
+5.765831e-01
+6.140577e-01
+5.389666e-01
+5.627678e-01
+6.267704e-01
+5.389354e-01
+5.494482e-01
+6.385049e-01
+5.389047e-01
+5.367094e-01
+6.492742e-01
+5.388748e-01
+5.246318e-01
+6.590951e-01
+5.388461e-01
+5.132904e-01
+6.679875e-01
+5.388188e-01
+5.027549e-01
+6.759730e-01
+5.387931e-01
+4.930890e-01
+6.830746e-01
+5.387693e-01
+4.843507e-01
+6.893152e-01
+5.387476e-01
+4.765914e-01
+6.947177e-01
+5.387281e-01
+4.698563e-01
+6.993035e-01
+5.387111e-01
+4.641844e-01
+7.030923e-01
+5.386967e-01
+4.596079e-01
+7.061013e-01
+5.386850e-01
+4.561529e-01
+7.083449e-01
+5.386761e-01
+4.538388e-01
+7.098343e-01
+5.386702e-01
+4.526785e-01
+7.105771e-01
+5.386672e-01
+4.526785e-01
+7.105771e-01
+5.386672e-01
+4.538388e-01
+7.098343e-01
+5.386702e-01
+4.561529e-01
+7.083449e-01
+5.386761e-01
+4.596079e-01
+7.061013e-01
+5.386850e-01
+4.641844e-01
+7.030923e-01
+5.386967e-01
+4.698563e-01
+6.993035e-01
+5.387111e-01
+4.765914e-01
+6.947177e-01
+5.387281e-01
+4.843507e-01
+6.893152e-01
+5.387476e-01
+4.930890e-01
+6.830746e-01
+5.387693e-01
+5.027549e-01
+6.759730e-01
+5.387931e-01
+5.132904e-01
+6.679875e-01
+5.388188e-01
+5.246318e-01
+6.590951e-01
+5.388461e-01
+5.367094e-01
+6.492742e-01
+5.388748e-01
+5.494482e-01
+6.385049e-01
+5.389047e-01
+5.627678e-01
+6.267704e-01
+5.389354e-01
+5.765831e-01
+6.140577e-01
+5.389666e-01
+5.908050e-01
+6.003585e-01
+5.389982e-01
+6.053408e-01
+5.856700e-01
+5.390298e-01
+6.200948e-01
+5.699960e-01
+5.390612e-01
+6.349697e-01
+5.533474e-01
+5.390920e-01
+6.498667e-01
+5.357431e-01
+5.391221e-01
+6.646872e-01
+5.172109e-01
+5.391511e-01
+6.793335e-01
+4.977873e-01
+5.391788e-01
+6.937101e-01
+4.775189e-01
+5.392051e-01
+7.077246e-01
+4.564617e-01
+5.392297e-01
+7.212893e-01
+4.346821e-01
+5.392525e-01
+7.343221e-01
+4.122564e-01
+5.392733e-01
+7.467477e-01
+3.892708e-01
+5.392922e-01
+7.584991e-01
+3.658211e-01
+5.393089e-01
+7.695179e-01
+3.420122e-01
+5.393235e-01
+7.797561e-01
+3.179577e-01
+5.393360e-01
+7.891763e-01
+2.937791e-01
+5.393464e-01
+7.977528e-01
+2.696050e-01
+5.393548e-01
+8.054716e-01
+2.455702e-01
+5.393614e-01
+8.123314e-01
+2.218150e-01
+5.393662e-01
+8.183427e-01
+1.984840e-01
+5.393694e-01
+8.235286e-01
+1.757253e-01
+5.393712e-01
+8.279236e-01
+1.536899e-01
+5.393718e-01
+8.315733e-01
+1.325304e-01
+5.393714e-01
+8.345333e-01
+1.124005e-01
+5.393702e-01
+8.368679e-01
+9.345476e-02
+5.393685e-01
+8.386483e-01
+7.584776e-02
+5.393664e-01
+8.399513e-01
+5.973413e-02
+5.393641e-01
+8.408565e-01
+4.526846e-02
+5.393618e-01
+8.414441e-01
+3.260543e-02
+5.393595e-01
+8.417921e-01
+2.190013e-02
+5.393574e-01
+8.419730e-01
+1.330859e-02
+5.393554e-01
+8.420505e-01
+6.988262e-03
+5.393535e-01
+8.420751e-01
+3.098717e-03
+5.393514e-01
+8.420805e-01
+1.802195e-03
+5.393489e-01
