-9.610056e-01
-1.644940e-02
+2.760391e-01
-9.610596e-01
-1.561476e-02
+2.758995e-01
-9.612175e-01
-1.311076e-02
+2.754796e-01
-9.614667e-01
-9.094420e-03
+2.747711e-01
-9.617905e-01
-3.717544e-03
+2.737612e-01
-9.621701e-01
+2.871559e-03
+2.724342e-01
-9.625859e-01
+1.052655e-02
+2.707722e-01
-9.630186e-01
+1.910185e-02
+2.687568e-01
-9.634508e-01
+2.845192e-02
+2.663700e-01
-9.638673e-01
+3.843090e-02
+2.635960e-01
-9.642561e-01
+4.889284e-02
+2.604220e-01
-9.646088e-01
+5.969242e-02
+2.568397e-01
-9.649210e-01
+7.068602e-02
+2.528458e-01
-9.651920e-01
+8.173327e-02
+2.484431e-01
-9.654254e-01
+9.269881e-02
+2.436407e-01
-9.656277e-01
+1.034542e-01
+2.384541e-01
-9.658087e-01
+1.138799e-01
+2.329052e-01
-9.659803e-01
+1.238672e-01
+2.270220e-01
-9.661556e-01
+1.333197e-01
+2.208376e-01
-9.663483e-01
+1.421549e-01
+2.143898e-01
-9.665716e-01
+1.503050e-01
+2.077203e-01
-9.668377e-01
+1.577177e-01
+2.008731e-01
-9.671567e-01
+1.643561e-01
+1.938942e-01
-9.675365e-01
+1.701989e-01
+1.868301e-01
-9.679821e-01
+1.752393e-01
+1.797272e-01
-9.684958e-01
+1.794842e-01
+1.726307e-01
-9.690768e-01
+1.829534e-01
+1.655842e-01
-9.697220e-01
+1.856775e-01
+1.586289e-01
-9.704255e-01
+1.876970e-01
+1.518031e-01
-9.711797e-01
+1.890604e-01
+1.451421e-01
-9.719753e-01
+1.898224e-01
+1.386777e-01
-9.728021e-01
+1.900426e-01
+1.324385e-01
-9.736491e-01
+1.897841e-01
+1.264494e-01
-9.745053e-01
+1.891116e-01
+1.207319e-01
-9.753599e-01
+1.880905e-01
+1.153045e-01
-9.762023e-01
+1.867858e-01
+1.101823e-01
-9.770230e-01
+1.852608e-01
+1.053778e-01
-9.778132e-01
+1.835767e-01
+1.009007e-01
-9.785651e-01
+1.817916e-01
+9.675862e-02
-9.792719e-01
+1.799601e-01
+9.295693e-02
-9.799279e-01
+1.781327e-01
+8.949941e-02
-9.805283e-01
+1.763558e-01
+8.638838e-02
-9.810692e-01
+1.746712e-01
+8.362498e-02
-9.815477e-01
+1.731161e-01
+8.120951e-02
-9.819612e-01
+1.717232e-01
+7.914159e-02
-9.823080e-01
+1.705201e-01
+7.742048e-02
-9.825867e-01
+1.695300e-01
+7.604522e-02
-9.827965e-01
+1.687714e-01
+7.501482e-02
-9.829367e-01
+1.682581e-01
+7.432843e-02
-9.830068e-01
+1.679991e-01
+7.398540e-02
-9.830068e-01
+1.679991e-01
+7.398540e-02
-9.829367e-01
+1.682581e-01
+7.432843e-02
-9.827965e-01
+1.687714e-01
+7.501482e-02
-9.825867e-01
+1.695300e-01
+7.604522e-02
-9.823080e-01
+1.705201e-01
+7.742048e-02
-9.819612e-01
+1.717232e-01
+7.914159e-02
-9.815477e-01
+1.731161e-01
+8.120951e-02
-9.810692e-01
+1.746712e-01
+8.362498e-02
-9.805283e-01
+1.763558e-01
+8.638838e-02
-9.799279e-01
+1.781327e-01
+8.949941e-02
-9.792719e-01
+1.799601e-01
+9.295693e-02
-9.785651e-01
+1.817916e-01
+9.675862e-02
-9.778132e-01
+1.835767e-01
+1.009007e-01
-9.770230e-01
+1.852608e-01
+1.053778e-01
-9.762023e-01
+1.867858e-01
+1.101823e-01
-9.753599e-01
+1.880905e-01
+1.153045e-01
-9.745053e-01
+1.891116e-01
+1.207319e-01
-9.736491e-01
+1.897841e-01
+1.264494e-01
-9.728021e-01
+1.900426e-01
+1.324385e-01
-9.719753e-01
+1.898224e-01
+1.386777e-01
-9.711797e-01
+1.890604e-01
+1.451421e-01
-9.704255e-01
+1.876970e-01
+1.518031e-01
-9.697220e-01
+1.856775e-01
+1.586289e-01
-9.690768e-01
+1.829534e-01
+1.655842e-01
-9.684958e-01
+1.794842e-01
+1.726307e-01
-9.679821e-01
+1.752393e-01
+1.797272e-01
-9.675365e-01
+1.701989e-01
+1.868301e-01
-9.671567e-01
+1.643561e-01
+1.938942e-01
-9.668377e-01
+1.577177e-01
+2.008731e-01
-9.665716e-01
+1.503050e-01
+2.077203e-01
-9.663483e-01
+1.421549e-01
+2.143898e-01
-9.661556e-01
+1.333197e-01
+2.208376e-01
-9.659803e-01
+1.238672e-01
+2.270220e-01
-9.658087e-01
+1.138799e-01
+2.329052e-01
-9.656277e-01
+1.034542e-01
+2.384541e-01
-9.654254e-01
+9.269881e-02
+2.436407e-01
-9.651920e-01
+8.173327e-02
+2.484431e-01
-9.649210e-01
+7.068602e-02
+2.528458e-01
-9.646088e-01
+5.969242e-02
+2.568397e-01
-9.642561e-01
+4.889284e-02
+2.604220e-01
-9.638673e-01
+3.843090e-02
+2.635960e-01
-9.634508e-01
+2.845192e-02
+2.663700e-01
-9.630186e-01
+1.910185e-02
+2.687568e-01
-9.625859e-01
+1.052655e-02
+2.707722e-01
-9.621701e-01
+2.871559e-03
+2.724342e-01
-9.617905e-01
-3.717544e-03
+2.737612e-01
-9.614667e-01
-9.094420e-03
+2.747711e-01
-9.612175e-01
-1.311076e-02
+2.754796e-01
-9.610596e-01
-1.561476e-02
+2.758995e-01
-9.610056e-01
-1.644940e-02
+2.760391e-01
